[
	{"Response0": [0.894736842, 0.842105263, 0.789473684, 0.315789474, 0.315789474, 0.894736842, 0.263157895, 0.736842105, 0.631578947, 0.631578947], "Response1": [0.736842105, 0.052631579, 0.578947368, 0.157894737, 0.000000000, 0.315789474, 0.105263158, 0.052631579, 0.052631579, 0.000000000], "Mult": 0.67, "Name": "MGR"},
	{"Response0": [0.315789474, 0.631578947, 0.842105263, 0.526315789, 0.578947368, 0.526315789, 0.631578947, 0.157894737, 0.947368421, 0.684210526], "Response1": [0.105263158, 0.684210526, 0.421052632, 0.736842105, 0.842105263, 0.157894737, 0.894736842, 0.210526316, 0.315789474, 0.315789474], "Mult": 0.623, "Name": "ACN"},
	{"Response0": [0.421052632, 0.263157895, 0.315789474, 1.000000000, 0.684210526, 0.473684211, 1.000000000, 0.894736842, 0.842105263, 0.368421053], "Response1": [0.052631579, 0.526315789, 0.368421053, 0.947368421, 0.157894737, 0.736842105, 0.736842105, 0.263157895, 0.105263158, 0.578947368], "Mult": 0.5, "Name": "pik"},
	{"Response0": [0.947368421, 0.000000000, 0.947368421, 0.000000000, 0.052631579, 0.000000000, 0.526315789, 0.000000000, 0.736842105, 0.052631579], "Response1": [1.000000000, 0.157894737, 0.210526316, 0.105263158, 0.105263158, 0.210526316, 0.578947368, 0.368421053, 0.000000000, 0.157894737], "Mult": 0.3125, "Name": "f x"},
	{"Response0": [0.842105263, 0.947368421, 0.526315789, 0.263157895, 0.789473684, 0.368421053, 0.842105263, 1.000000000, 0.263157895, 0.421052632], "Response1": [0.684210526, 1.000000000, 0.631578947, 0.210526316, 0.526315789, 0.263157895, 0.315789474, 0.105263158, 0.473684211, 0.736842105], "Mult": 0.8, "Name": "Giz"},
	{"Response0": [0.368421053, 0.736842105, 0.684210526, 0.894736842, 0.894736842, 0.842105263, 0.421052632, 0.684210526, 0.526315789, 1.000000000], "Response1": [0.631578947, 0.894736842, 0.473684211, 0.789473684, 0.473684211, 0.684210526, 0.000000000, 0.789473684, 0.789473684, 0.947368421], "Mult": 0.7, "Name": "iTe"},
	{"Response0": [0.526315789, 0.421052632, 0.105263158, 0.684210526, 0.736842105, 0.789473684, 0.684210526, 0.526315789, 0.578947368, 0.263157895], "Response1": [0.473684211, 0.789473684, 0.894736842, 0.842105263, 0.631578947, 0.578947368, 0.210526316, 0.315789474, 0.157894737, 0.842105263], "Mult": 0.69, "Name": "Meo"},	
	{"Response0": [0.578947368, 0.315789474, 0.263157895, 0.421052632, 0.947368421, 0.105263158, 0.789473684, 0.421052632, 0.894736842, 0.789473684], "Response1": [0.157894737, 0.368421053, 0.052631579, 0.631578947, 1.000000000, 0.421052632, 0.473684211, 0.473684211, 0.421052632, 0.894736842], "Mult": 0.5, "Name": "Zet"},
	{"Response0": [0.000000000, 0.578947368, 1.000000000, 0.473684211, 0.421052632, 0.631578947, 0.368421053, 0.842105263, 1.000000000, 0.210526316], "Response1": [0.210526316, 0.105263158, 0.157894737, 0.578947368, 0.368421053, 0.052631579, 0.947368421, 0.947368421, 0.684210526, 0.473684211], "Mult": 0.4, "Name": "Koo"},
	{"Response0": [0.263157895, 0.473684211, 0.000000000, 0.368421053, 0.263157895, 1.000000000, 0.157894737, 0.631578947, 0.368421053, 0.526315789], "Response1": [0.789473684, 0.210526316, 0.736842105, 0.052631579, 0.210526316, 0.947368421, 0.052631579, 0.578947368, 0.210526316, 0.105263158], "Mult": 0.3333, "Name": "Mol"}
]